Features: ["KPR", "APR", "DPR", "ADR", "ACS", "FDPR", "FKPR"]

Coefficients: [0.467584759836, 0.312158631682, -1.153682762595, 0.003942697956, -0.000725869108, -0.063496102738, 0.204588665932]
Intercept: 1.0013936330345852

R2 score:0.9662357787569015
RMSE:0.015609055720644964
MAE:0.011419627259488604